{
    "camera_angle_x": 0.6911112070083618,
    "frames": [
        {
            "file_path": "./images/r_0.png",
            "rotation": 0.012566370614359171,
            "transform_matrix": [
                [
                    -0.963964581489563,
                    -0.2611401677131653,
                    0.0507759265601635,
                    0.2046843022108078
                ],
                [
                    0.26603081822395325,
                    -0.9462433457374573,
                    0.18398693203926086,
                    0.7416750192642212
                ],
                [
                    7.450580596923828e-09,
                    0.1908649355173111,
                    0.9816163182258606,
                    3.957021951675415
                ],
                [
                    0.0,
                    0.0,
                    0.0,
                    1.0
                ]
            ]
        },
        {
            "file_path": "./images/r_19.png",
            "rotation": 0.012566370614359171,
            "transform_matrix": [
                [
                    0.13194742798805237,
                    0.33291926980018616,
                    -0.9336779117584229,
                    -3.7637763023376465
                ],
                [
                    -0.9912567138671875,
                    0.04431530460715294,
                    -0.12428304553031921,
                    -0.5010010004043579
                ],
                [
                    0.0,
                    0.9419134259223938,
                    0.33585572242736816,
                    1.3538779020309448
                ],
                [
                    0.0,
                    0.0,
                    0.0,
                    1.0
                ]
            ]
        },
        {
            "file_path": "./images/r_20.png",
            "rotation": 0.012566370614359171,
            "transform_matrix": [
                [
                    -0.915581226348877,
                    0.09515299648046494,
                    -0.390713095664978,
                    -1.5750149488449097
                ],
                [
                    -0.4021328091621399,
                    -0.21664556860923767,
                    0.8895806670188904,
                    3.58601450920105
                ],
                [
                    0.0,
                    0.9716021418571472,
                    0.23662075400352478,
                    0.9538488388061523
                ],
                [
                    0.0,
                    0.0,
                    0.0,
                    1.0
                ]
            ]
        },
        {
            "file_path": "./images/r_21.png",
            "rotation": 0.012566370614359171,
            "transform_matrix": [
                [
                    0.995094895362854,
                    0.040533654391765594,
                    -0.09023939073085785,
                    -0.3637666404247284
                ],
                [
                    -0.09892485290765762,
                    0.4077320694923401,
                    -0.9077270030975342,
                    -3.6591649055480957
                ],
                [
                    0.0,
                    0.912201464176178,
                    0.4097418785095215,
                    1.6517224311828613
                ],
                [
                    0.0,
                    0.0,
                    0.0,
                    1.0
                ]
            ]
        },
        {
            "file_path": "./images/r_23.png",
            "rotation": 0.012566370614359171,
            "transform_matrix": [
                [
                    -0.24700850248336792,
                    -0.2722141444683075,
                    0.9299926161766052,
                    3.74891996383667
                ],
                [
                    0.9690133333206177,
                    -0.06938935071229935,
                    0.23706182837486267,
                    0.9556267261505127
                ],
                [
                    0.0,
                    0.9597314596176147,
                    0.2809188961982727,
                    1.132420301437378
                ],
                [
                    0.0,
                    0.0,
                    0.0,
                    1.0
                ]
            ]
        }
    ]
}
