{
    "type": "c2w",
    "frames": [
        {
            "image_name": "001.png",
            "pose": [
                [
                    0.9105374217033386,
                    -0.09619740396738052,
                    0.4020790457725525,
                    1.6208324432373047
                ],
                [
                    0.41342654824256897,
                    0.21186675131320953,
                    -0.885545551776886,
                    -3.5697484016418457
                ],
                [
                    0.0,
                    0.972552478313446,
                    0.2326831966638565,
                    0.9379759430885315
                ],
                [
                    0.0,
                    0.0,
                    0.0,
                    1.0
                ]
            ]
        },
        {
            "image_name": "011.png",
            "pose": [
                [
                    0.36621522903442383,
                    0.21183644235134125,
                    -0.9060969352722168,
                    -3.6525936126708984
                ],
                [
                    -0.9305301904678345,
                    0.08336939662694931,
                    -0.3565994203090668,
                    -1.4374982118606567
                ],
                [
                    0.0,
                    0.9737426042556763,
                    0.22765137255191803,
                    0.9176920652389526
                ],
                [
                    0.0,
                    0.0,
                    0.0,
                    1.0
                ]
            ]
        },
        {
            "image_name": "077.png",
            "pose": [
                [
                    -0.9482272863388062,
                    0.09684965759515762,
                    -0.3024653494358063,
                    -1.219276785850525
                ],
                [
                    -0.3175927400588989,
                    -0.28916114568710327,
                    0.9030618071556091,
                    3.6403586864471436
                ],
                [
                    0.0,
                    0.9523684978485107,
                    0.30494922399520874,
                    1.2292896509170532
                ],
                [
                    0.0,
                    0.0,
                    0.0,
                    1.0
                ]
            ]
        },
        {
            "image_name": "065.png",
            "pose": [
                [
                    -0.35092002153396606,
                    -0.2937421202659607,
                    0.8891403675079346,
                    3.5842397212982178
                ],
                [
                    0.9364054203033447,
                    -0.11008051037788391,
                    0.33320730924606323,
                    1.343201756477356
                ],
                [
                    0.0,
                    0.9495250582695007,
                    0.3136911392211914,
                    1.2645295858383179
                ],
                [
                    0.0,
                    0.0,
                    0.0,
                    1.0
                ]
            ]
        }
    ]
}