{
    "type": "w2c",
    "frames": [
        {
            "image_name": "008.png",
            "pose": [
                [
                    0.732423722743988,
                    0.6808491349220276,
                    2.1576926911848204e-08,
                    2.5004760928482028e-08
                ],
                [
                    0.44146132469177246,
                    -0.47490230202674866,
                    0.7613013982772827,
                    -5.960464477539063e-08
                ],
                [
                    0.5183313488960266,
                    -0.5575951933860779,
                    -0.6483982801437378,
                    -1.7872748374938965
                ]
            ]
        },
        {
            "image_name": "001.png",
            "pose": [
                [
                    0.2826493978500366,
                    0.9592232704162598,
                    1.1397052190886825e-08,
                    -4.187575797232057e-08
                ],
                [
                    -0.6753110289573669,
                    0.19899044930934906,
                    0.710181474685669,
                    -1.341104507446289e-07
                ],
                [
                    0.6812226176261902,
                    -0.20073238015174866,
                    0.7040186524391174,
                    -1.504714846611023
                ]
            ]
        },
        {
            "image_name": "010.png",
            "pose": [
                [
                    -0.8365102410316467,
                    -0.5479512214660645,
                    2.562700984753974e-08,
                    1.353646723600832e-07
                ],
                [
                    -0.22922249138355255,
                    0.349934458732605,
                    0.9082967042922974,
                    -1.043081283569336e-07
                ],
                [
                    -0.49770230054855347,
                    0.7597995400428772,
                    -0.4183264672756195,
                    -1.506967306137085
                ]
            ]
        },
        {
            "image_name": "004.png",
            "pose": [
                [
                    -0.899004340171814,
                    0.4379400610923767,
                    -3.6114071733095443e-09,
                    1.2242657021488412e-07
                ],
                [
                    -0.19711413979530334,
                    -0.4046363830566406,
                    0.8929812908172607,
                    2.2351741790771484e-07
                ],
                [
                    0.39107227325439453,
                    0.8027939200401306,
                    0.4500938355922699,
                    -1.9792877435684204
                ]
            ]
        }
    ]
}